NUMERIC ASCII ART — WORD DISPLAY
================================================================================
 7777777        33       33      5555555     1111111111
77     77       33      33       55              11
77              33     33        55              11
77              33    33         55              11
 777777         3333333          5555555         11
       77       33    33         55              11
       77       33     33        55              11
77     77       33      33       55              11
 7777777        33       33      5555555         11


 3333333        9999999      6666666      00
33     33      99     99     66           00
       33      99     99     66           00
 3333333        99999999     6666666      00
33                    99           66     00
33                    99           66     00
33333333        9999999      6666666      0000000

================================================================================
Final key format to submit:
`NUMKEY: <WORD>`
================================================================================