NUMERIC ASCII ART — Hidden Word
================================================================================

 7777777        0000000        5555555
77     77      00     00      55
77            00       00     55
77            00       00      5555555
77            00       00            55
77     77      00     00             55
 7777777        0000000       55555555


 3333333        11111111      8888888
33     33          11        88     88
       33          11        88     88
   33333           11         888888
       33          11        88     88
33     33          11        88     88
 3333333        11111111      8888888

================================================================================
Final key format to submit:
`NUMKEY: <WORD>`
================================================================================