NUMERIC ASCII ART — WORD DISPLAY
================================================================================

   1111111        77      77     8888888      44       44
  11     11       77     77      88     88    44       44
 11       11      77    77       88     88    44       44
 11111111111      77   77        8888888      44       44
 11       11      777777         88           44       44
 11       11      77   77        88           44       44
 11       11      77    77       88           44       44
 11       11      77     77      88            444444444

 1111111      4444444      0000000      5555555
11     11    44     44    00     00    55     55
11           44     44           00    55     55
111111111     44444444          00     55     55
11     11           44         00      55     55
11     11           44        00       55     55
 1111111      4444444        00         5555555
================================================================================
Final key format to submit:
`NUMKEY: <WORD>`
================================================================================