NUMERIC ASCII ART — NUMBER DISPLAY
================================================================================

 0000000          111          111       7777777
00     00       11111        11111      77     77
00     00          11           11             77
00     00          11           11            77
00     00          11           11           77
00     00          11           11          77
 0000000        1111111      1111111       77


00000000       5555555       7777777777   88        88
00            55     55          77       88        88
00            55     55          77       88        88
0000000       555555555          77       88        88
00            55     55          77        88      88
00            55     55          77          88  88
00000000      55     55          77            88
================================================================================
Final key format to submit:
`NUMKEY: <WORD>`
================================================================================