NUMERIC ASCII ART — Hidden Word
================================================================================
   3333333        6666666        6666666       44             2222222
  33     33      66     66      66     66      44             22
 33       33     66     66      66     66      44             22
 33333333333     6666666        6666666        44             2222222
 33       33     66             66             44             22
 33       33     66             66             44             22
 33       33     66             66             4444444        2222222


 3333333      0000000         111        11        11
33     33    00     00      11111        11   11   11
33           00     00         11        11   11   11
 333333      00     00         11        11   11   11
       33    00     00         11        11   11   11
33     33    00     00         11         11  11  11
 3333333      0000000       1111111        111  111

================================================================================
Hint: Each block of identical digits outlines one letter. Read the letters left→right.
Final key format to submit:  `NUMKEY: <WORD>`  (example: `NUMKEY: CODE`)
================================================================================
