NUMERIC ASCII ART — Hidden Word
================================================================================

 2222222        7777777        0000000        4444444
22     22      77     77      00     00      44     44
       22             77      00     00      44     44
  222222             77       00     00      444444444
22                  77        00     00             44
22                 77         00     00             44
22222222          77           0000000         4444444

 3333333       7777777777      22222222      111111111
33     33          77         22      22     11      11
33                 77         22      22     11      11
 333333            77         2222222222     11111111
       33          77         22      22     11     11
33     33          77         22      22     11      11
 333333            77         22      22     11       11
================================================================================
Final key format:
`NUMKEY: <WORD>`
================================================================================