NUMERIC ASCII ART — Hidden Word
================================================================================

   1111111        4444444           1111111        666   666
  11     11      44      44        11     11       66 6 6 66
 11       11     44       44      11       11      66  6  66
 11111111111     44       44      11111111111      66     66
 11       11     44       44      11       11      66     66
 11       11     44      44       11       11      66     66
 11       11      4444444         11       11      66     66
                  


 6666666          44444444       11111111          
66     66                44     11      11               
66     66               44      11      11                     
66     66              44        11111111             
66     66             44         11111111               
66     66            44         11      11              
66     66           44          11      11
 6666666           44            11111111
================================================================================
Hint: Each block of identical digits outlines one letter. Read the letters left→right.
Final key format to submit:  `NUMKEY: <WORD>`  (example: `NUMKEY: CODE`)
================================================================================
