NUMERIC ASCII ART — WORD DISPLAY
================================================================================

1111111        5555555        9999999        00
11     11      55            99     99       00
11     11      55            99              00
11     11      5555555        9999999        00
11     11      55                    99      00
11     11      55            99      99      00
1111111        5555555        9999999        0000000

   1111111        9999999      2222222      5555555
  11     11      99     99    22     22     55
 11       11     99     99    22            55
 11111111111      99999999    22            5555555
 11       11            99    22                  55
 11       11            99    22     22           55
 11       11      9999999      2222222      5555555
================================================================================
Final key format to submit:
`NUMKEY: <WORD>`
================================================================================