NUMERIC ASCII ART — WORD DISPLAY
================================================================================

   3333333        55555555      7777777        99999999
  33     33              55     77             99     99
 33       33            55      77             99     99
 33333333333          555       777777         99999999
 33       33         55         77             99    99
 33       33        55          77             99     99
 33       33       55555555     7777777        99      99


 1111111      6666666      4444444      8888888
11     11    66     66           44    88     88
       11    66     66           44    88     88
 1111111      66666666     44444444    88     88
11                  66           44    88     88
11                  66           44    88     88
11111111      6666666      4444444      8888888

================================================================================
Final key format to submit:
`NUMKEY: <WORD>`
================================================================================