NUMERIC ASCII ART — Hidden Word
================================================================================
   0000000        8888888        2222222        3333333
  00     00      88     88      22      22     33     33
 00       00     88     88      22             33     33
 00       00     88888888       22             333333333
 00       00     88   88        22             33     33
  00     00      88    88       22      22     33     33
   0000000       88     88       2222222       33     33

 7777777      5555555      9999999      6666666
77     77    55     55    99     99    66     66
77           55     55    99     99    66     66
 777777       55555555     9999999     66     66
       77           55    99     99    66     66
77     77           55    99     99    66     66
 7777777      5555555      9999999      6666666
================================================================================
Hint: Each block of identical digits outlines one letter. Read the letters left→right.
Final key format to submit:  `NUMKEY: <WORD>`  (example: `NUMKEY: CODE`)
================================================================================
